Timestep	Transformed u	Transformed v	Transformed w
1	-0.002917410229566	-0.000324955369251	-0.000949229158141
2	-0.000793046707986	0.002147548616631	0.002904233026311
3	-0.003188258322916	0.013637952151475	0.010995345341507
4	-0.001320172967098	0.032586824754253	0.015322958433535
5	0.002489173086002	0.062462923955172	0.032038733595982
6	0.003247376637592	0.097690418735147	0.048395301774144
7	0.007939683241420	0.138305479288101	0.062277083937079
8	0.013372095068917	0.183704907074571	0.084529336355627
9	0.017757230415009	0.234599461406469	0.104856508225203
10	0.024352588399779	0.281937497109175	0.123286614567041
11	0.028998634987511	0.334656422585249	0.141657689213753
12	0.039019629731774	0.384295309334993	0.160362940654159
13	0.042617990262806	0.434626156091690	0.177099097147584
14	0.051149955857545	0.478343363106251	0.184106239303946
15	0.059276213124394	0.510235717892647	0.183167567476630
16	0.065755784045905	0.536761686205864	0.185671476274729
17	0.079205932933837	0.555811235308647	0.180272438377142
18	0.083927138429135	0.566091203689575	0.176448788866401
19	0.082782852626406	0.564694118499756	0.165906912088394
20	0.071014572214335	0.554513664543629	0.162513454444706
21	0.069550087483367	0.535791151225567	0.165586483478546
22	0.077511750278063	0.509107869863510	0.164900857582688
23	0.083515229402110	0.480073090642691	0.154201944172382
24	0.075207990081981	0.437128044664860	0.139826469775289
25	0.064833593415096	0.395866927877069	0.126770282117650
26	0.049295404250734	0.363052665255964	0.110990950663108
27	0.031983495084569	0.331831017788500	0.089195994287729
28	0.024981796462089	0.305475446488708	0.064185183215886
29	0.026027616951615	0.277247814089060	0.049764562863857
30	0.032078618369997	0.254987450456247	0.052486764453352
31	0.038875358831137	0.230988052673638	0.053825642913580
32	0.035962351784110	0.202538443973754	0.046359444386326
33	0.033881016122177	0.170159432070795	0.039552490261667
34	0.032390017312719	0.136495770514011	0.031986809146474
35	0.028297126642428	0.107105438737199	0.034938058792613
36	0.024591778087779	0.081991226435639	0.032264699199004
37	0.020514503028244	0.061100222868845	0.031685646506958
38	0.018684188928455	0.046339984424412	0.028632364305668
39	0.025059757521376	0.030472844000906	0.024926500400761
40	0.023510253126733	0.020094463787973	0.017099394375691
41	0.023371834121644	0.016363679151982	0.013230328858481
42	0.012282966141356	0.009577410668135	0.009264563955367
43	0.010575467953458	0.003116913677695	0.006858962937258
44	0.002980681695044	-0.005557930376381	0.005038494151086
45	0.010225278977305	-0.013861464145884	0.001636542566121
46	0.020474206260405	-0.017993123026099	0.002733919559978
47	0.026194530725479	-0.026464906986803	-0.000542384060100
48	0.032082803454250	-0.028519538510591	-0.004208469817240
49	0.040106340730563	-0.032216580153909	-0.007581746368669
50	0.044195008790120	-0.036674147681333	-0.012974705314264
51	0.049669232591987	-0.037299833749421	-0.013644433580339
52	0.054729195544496	-0.041106425435282	-0.008990127244033
53	0.052899407967925	-0.042354980716482	-0.002640948328190
54	0.047872660262510	-0.035504939296516	0.011130381523981
55	0.042527914373204	-0.031820518523455	0.022672189993318
56	0.034237710339949	-0.025397927919403	0.034402248892002
57	0.031929791718721	-0.023080174485222	0.044229235596140
58	0.031184182519792	-0.026301491586491	0.053315731044859
59	0.026274157932494	-0.030326966568828	0.057110593584366
60	0.022990000725258	-0.036810318101197	0.057065156562021
61	0.021451826626435	-0.039565000809671	0.045107846509200
62	0.013377184793353	-0.039018123364076	0.038732434368285
63	0.011143608810380	-0.036292094551027	0.023609276110074
64	0.011272985464893	-0.034626449830830	0.011210837654653
65	0.014174441481009	-0.031097504682839	0.003877587220632
66	0.018868724157801	-0.020262280499401	0.000065256329253
67	0.020695608854294	-0.021904033154715	-0.003624890104402
68	0.021972477951203	-0.017712365766056	-0.006319838273339
69	0.016853844630532	-0.017033955961233	-0.005164830596186
70	0.017960646748543	-0.014958243072033	-0.004009737660817
71	0.017901194654405	-0.015636485430878	-0.004120750047150
72	0.025381084677065	-0.012491675256751	-0.004320679773809
73	0.031291203480214	-0.017312198202126	-0.002498564613052
74	0.036707412148826	-0.016364172499743	-0.008015386143234
75	0.034657270275056	-0.018974452919792	-0.009758869319921
76	0.028978848597035	-0.020623243474984	-0.010211435263045
77	0.023227196722291	-0.025541372509906	-0.014181420835666
78	0.016935082082637	-0.024085040274076	-0.015370264038211
79	0.012034341064282	-0.024682358145947	-0.021315454831347
80	0.008559960639104	-0.026083202875452	-0.023223956045695
81	0.005322823315510	-0.025523164897459	-0.024645626125857
82	0.003700785385445	-0.023835587920621	-0.028737504500896
83	0.002189024537802	-0.021135425753891	-0.031494503805880
84	0.002826389460824	-0.019584298653353	-0.036154567636549
85	0.000578170723747	-0.020131622799090	-0.043480423022993
86	-0.001273892167956	-0.017738646542421	-0.044501198595390
87	-0.003577347565442	-0.011896708163113	-0.050138809636701
88	-0.002979774563573	-0.008188751630951	-0.052053680940298
89	-0.007125557609834	-0.006663096603006	-0.050756213977002
90	-0.009606818924658	-0.002232938050292	-0.050774136034306
91	-0.010102505888790	0.000242217234336	-0.051419720210833
92	-0.011426285747439	-0.002573247204418	-0.049771662522107
93	-0.015074615459889	0.000012284179684	-0.046646387362853
94	-0.013780477829278	-0.000125539710280	-0.045272896857932
95	-0.017268946347758	-0.002733305946458	-0.049545972980559
96	-0.019928425736725	-0.003515668748878	-0.048957996536046
97	-0.020818976470036	-0.005339766328689	-0.047176379710436
98	-0.025229698367184	-0.001515406310500	-0.049084537150338
99	-0.026854347856715	-0.001352061959915	-0.044006105000153
