Timestep	Transformed u	Transformed v	Transformed w
1	-0.028971798717975616	-0.0454663410782814	-0.005161065608263016
2	0.017208905890583992	0.07036467641592026	0.05216449126601219
3	0.03149614855647087	0.21115422248840332	0.09550781548023224
4	0.024866225197911263	0.3554714322090149	0.11959546059370041
5	0.009358947165310383	0.38569536805152893	0.12056265026330948
6	0.013693278655409813	0.28133028745651245	0.08541042357683182
7	0.016442367807030678	0.18091823160648346	0.05169494077563286
8	0.011144853197038174	0.10102204978466034	0.017879121005535126
9	0.017100544646382332	0.004835991188883781	-0.012561534531414509
10	0.020969338715076447	-0.021442903205752373	-0.01157828513532877
11	0.02543610893189907	-0.01037430390715599	-0.0063971527852118015
12	0.020997434854507446	-0.016610927879810333	-0.009631848894059658
13	0.02331710234284401	-0.019087113440036774	-0.0005578439449891448
14	0.03192957863211632	-0.013135436922311783	0.01081977691501379
15	0.028959760442376137	-0.015988867729902267	0.012015731073915958
16	0.031231272965669632	-0.011706707999110222	0.014784886501729488
17	0.035746198147535324	-0.011678614653646946	0.010711419396102428
18	0.044274404644966125	-0.005562393460422754	0.010310092009603977
19	0.03768862411379814	-0.01369729358702898	0.010061269626021385
20	0.0344378724694252	-0.019372059032320976	0.016944030299782753
21	0.031303513795137405	-0.022217465564608574	0.017983464524149895
22	0.03338640183210373	-0.021824166178703308	0.014712649397552013
23	0.03246735781431198	-0.022137200459837914	0.011156892403960228
24	0.01897474005818367	-0.029902879148721695	0.0029698205180466175
